,text_id,sentence_id,word_id,word,TRT,relFix,word_order,nfix,NEW_sentence_id
1,1,1.0,1,янус,4262.0,0.39433752775721687,0,11.0,1.0
2,1,1.0,2,—,642.0,0.05940044411547002,1,3.0,1.0
3,1,1.0,3,бог,1410.0,0.13045891931902295,2,4.0,1.0
4,1,1.0,4,всех,559.0,0.05172094744633605,3,3.0,1.0
5,1,1.0,5,начинаний,1091.0,0.10094374537379719,4,6.0,1.0
6,1,1.0,6,и,,,5,NA,1.0
7,1,1.0,7,переходов,490.0,0.04533678756476684,6,2.0,1.0
8,1,1.0,8,в,,,7,NA,1.0
9,1,1.0,9,древнеримской,1710.0,0.1582161361954108,8,8.0,1.0
10,1,1.0,10,религии,491.0,0.04542931162102146,9,3.0,1.0
11,1,1.0,11,и,,,10,NA,1.0
12,1,1.0,12,мифологии.,153.0,0.01415618060695781,11,2.0,1.0
13,1,2.0,13,он,,,12,NA,2.0
14,1,2.0,14,имеет,,,13,NA,2.0
15,1,2.0,15,двоякую,,,14,NA,2.0
16,1,2.0,16,"природу,",537.0,0.06493349455864571,15,4.0,2.0
17,1,2.0,17,и,344.0,0.04159613059250302,16,1.0,2.0
18,1,2.0,18,его,188.0,0.022732769044740024,17,1.0,2.0
19,1,2.0,19,обычно,1128.0,0.13639661426844016,18,6.0,2.0
20,1,2.0,20,изображают,1014.0,0.12261185006045949,19,5.0,2.0
21,1,2.0,21,"двуликим,",903.0,0.10918984280532043,20,5.0,2.0
22,1,2.0,22,так,464.0,0.05610640870616687,21,2.0,2.0
23,1,2.0,23,как,460.0,0.05562273276904474,22,3.0,2.0
24,1,2.0,24,он,,,23,NA,2.0
25,1,2.0,25,смотрит,1191.0,0.14401451027811366,24,7.0,2.0
26,1,2.0,26,и,217.0,0.026239419588875452,25,1.0,2.0
27,1,2.0,27,в,,,26,NA,2.0
28,1,2.0,28,"будущее,",1042.0,0.12599758162031438,27,6.0,2.0
29,1,2.0,29,и,,,28,NA,2.0
30,1,2.0,30,в,169.0,0.020435308343409914,29,1.0,2.0
31,1,2.0,31,прошлое.,613.0,0.07412333736396615,30,5.0,2.0
32,1,3.0,32,янусу,240.0,0.0633245382585752,31,3.0,3.0
33,1,3.0,33,были,188.0,0.049604221635883905,32,1.0,3.0
34,1,3.0,34,подвластны,943.0,0.24881266490765172,33,4.0,3.0
35,1,3.0,35,начало,180.0,0.047493403693931395,34,1.0,3.0
36,1,3.0,36,и,,,35,NA,3.0
37,1,3.0,37,конец,358.0,0.09445910290237466,36,2.0,3.0
38,1,3.0,38,всякого,578.0,0.1525065963060686,37,2.0,3.0
39,1,3.0,39,"конфликта,",220.0,0.05804749340369393,38,1.0,3.0
40,1,3.0,40,а,201.0,0.05303430079155673,39,1.0,3.0
41,1,3.0,41,значит,189.0,0.04986807387862797,40,1.0,3.0
42,1,3.0,42,—,200.0,0.052770448548812667,41,2.0,3.0
43,1,3.0,43,война,295.0,0.07783641160949868,42,1.0,3.0
44,1,3.0,44,и,198.0,0.05224274406332454,43,1.0,3.0
45,1,3.0,45,мир.,,,44,NA,3.0
46,1,4.0,46,ворота,165.0,0.04398826979472141,45,1.0,4.0
47,1,4.0,47,его,,,46,NA,4.0
48,1,4.0,48,храма,370.0,0.09864036256998134,47,2.0,4.0
49,1,4.0,49,были,243.0,0.06478272460677152,48,2.0,4.0
50,1,4.0,50,открыты,494.0,0.13169821380965077,49,3.0,4.0
51,1,4.0,51,во,,,50,NA,4.0
52,1,4.0,52,время,810.0,0.21594241535590508,51,4.0,4.0
53,1,4.0,53,войны,,,52,NA,4.0
54,1,4.0,54,и,,,53,NA,4.0
55,1,4.0,55,закрыты,804.0,0.2143428419088243,54,4.0,4.0
56,1,4.0,56,в,,,55,NA,4.0
57,1,4.0,57,мирное,644.0,0.1716875499866702,56,3.0,4.0
58,1,4.0,58,время.,221.0,0.05891762196747534,57,2.0,4.0
59,1,5.0,59,януса,,,58,NA,5.0
60,1,5.0,60,как,,,59,NA,5.0
61,1,5.0,61,бога,718.0,0.2089639115250291,60,4.0,5.0
62,1,5.0,62,ворот,249.0,0.07246798603026776,61,2.0,5.0
63,1,5.0,63,также,120.0,0.034924330616996506,62,2.0,5.0
64,1,5.0,64,связывали,655.0,0.19062863795110593,63,4.0,5.0
65,1,5.0,65,с,,,64,NA,5.0
66,1,5.0,66,входом,479.0,0.13940628637951105,65,2.0,5.0
67,1,5.0,67,и,,,66,NA,5.0
68,1,5.0,68,выходом,813.0,0.23661233993015135,67,4.0,5.0
69,1,5.0,69,из,,,68,NA,5.0
70,1,5.0,70,дома.,402.0,0.1169965075669383,69,2.0,5.0
71,1,6.0,71,янус,132.0,0.020919175911251982,70,1.0,6.0
72,1,6.0,72,часто,683.0,0.10824088748019017,71,4.0,6.0
73,1,6.0,73,символизировал,1176.0,0.18637083993660855,72,7.0,6.0
74,1,6.0,74,изменения,749.0,0.11870047543581616,73,4.0,6.0
75,1,6.0,75,и,,,74,NA,6.0
76,1,6.0,76,"переходы,",609.0,0.096513470681458,75,3.0,6.0
77,1,6.0,77,"например,",215.0,0.03407290015847861,76,1.0,6.0
78,1,6.0,78,переход,236.0,0.03740095087163233,77,1.0,6.0
79,1,6.0,79,из,,,78,NA,6.0
80,1,6.0,80,одного,204.0,0.03232963549920761,79,2.0,6.0
81,1,6.0,81,состояния,213.0,0.03375594294770206,80,1.0,6.0
82,1,6.0,82,в,,,81,NA,6.0
83,1,6.0,83,"другое,",206.0,0.03264659270998415,82,1.0,6.0
84,1,6.0,84,от,,,83,NA,6.0
85,1,6.0,85,одного,422.0,0.06687797147385104,84,1.0,6.0
86,1,6.0,86,мировоззрения,432.0,0.06846275752773376,85,2.0,6.0
87,1,6.0,87,к,,,86,NA,6.0
88,1,6.0,88,"другому,",72.0,0.011410459587955626,87,1.0,6.0
89,1,6.0,89,от,,,88,NA,6.0
90,1,6.0,90,юности,192.0,0.030427892234548337,89,2.0,6.0
91,1,6.0,91,к,305.0,0.04833597464342314,90,1.0,6.0
92,1,6.0,92,зрелости.,464.0,0.07353407290015848,91,2.0,6.0
93,1,7.0,93,поэтому,334.0,0.04063260340632603,92,2.0,7.0
94,1,7.0,94,янусу,254.0,0.030900243309002432,93,2.0,7.0
95,1,7.0,95,поклонялись,1089.0,0.13248175182481753,94,5.0,7.0
96,1,7.0,96,перед,334.0,0.04063260340632603,95,2.0,7.0
97,1,7.0,97,сбором,572.0,0.06958637469586375,96,3.0,7.0
98,1,7.0,98,и,,,97,NA,7.0
99,1,7.0,99,посевом,553.0,0.06727493917274939,98,3.0,7.0
100,1,7.0,100,"урожая,",524.0,0.06374695863746958,99,3.0,7.0
101,1,7.0,101,а,195.0,0.023722627737226276,100,1.0,7.0
102,1,7.0,102,также,426.0,0.051824817518248176,101,2.0,7.0
103,1,7.0,103,во,311.0,0.037834549878345496,102,1.0,7.0
104,1,7.0,104,время,1024.0,0.1245742092457421,103,6.0,7.0
105,1,7.0,105,"бракосочетаний,",1655.0,0.201338199513382,104,9.0,7.0
106,1,7.0,106,похорон,363.0,0.04416058394160584,105,2.0,7.0
107,1,7.0,107,и,,,106,NA,7.0
108,1,7.0,108,разных,,,107,NA,7.0
109,1,7.0,109,начинаний.,586.0,0.07128953771289538,108,2.0,7.0
110,1,8.0,110,у,,,109,NA,8.0
111,1,8.0,111,януса,264.0,0.08862034239677745,110,1.0,8.0
112,1,8.0,112,не,,,111,NA,8.0
113,1,8.0,113,было,253.0,0.08492782813024505,112,1.0,8.0
114,1,8.0,114,своих,,,113,NA,8.0
115,1,8.0,115,"жрецов,",181.0,0.060758643840214836,114,1.0,8.0
116,1,8.0,116,зато,457.0,0.15340718361866398,115,2.0,8.0
117,1,8.0,117,его,,,116,NA,8.0
118,1,8.0,118,церемонии,,,117,NA,8.0
119,1,8.0,119,отправлял,457.0,0.15340718361866398,118,3.0,8.0
120,1,8.0,120,сам,139.0,0.04665995300436388,119,1.0,8.0
121,1,8.0,121,верховный,666.0,0.22356495468277945,120,4.0,8.0
122,1,8.0,122,жрец.,562.0,0.18865391070829138,121,3.0,8.0
123,1,9.0,123,янус,365.0,0.0626717032967033,122,2.0,9.0
124,1,9.0,124,олицетворял,757.0,0.12997939560439561,123,4.0,9.0
125,1,9.0,125,золотую,934.0,0.16037087912087913,124,3.0,9.0
126,1,9.0,126,середину,954.0,0.16380494505494506,125,6.0,9.0
127,1,9.0,127,между,265.0,0.045501373626373624,126,2.0,9.0
128,1,9.0,128,варварством,1104.0,0.18956043956043955,127,6.0,9.0
129,1,9.0,129,и,185.0,0.03176510989010989,128,1.0,9.0
130,1,9.0,130,"цивилизацией,",,,129,NA,9.0
131,1,9.0,131,деревней,248.0,0.042582417582417584,130,1.0,9.0
132,1,9.0,132,и,,,131,NA,9.0
133,1,9.0,133,"городом,",,,132,NA,9.0
134,1,9.0,134,юностью,927.0,0.15916895604395603,133,3.0,9.0
135,1,9.0,135,и,,,134,NA,9.0
136,1,9.0,136,зрелостью.,85.0,0.01459478021978022,135,1.0,9.0
137,1,10.0,137,у,,,136,NA,10.0
138,1,10.0,138,древних,1041.0,0.12491000719942405,137,5.0,10.0
139,1,10.0,139,греков,170.0,0.020398368130549557,138,2.0,10.0
140,1,10.0,140,не,187.0,0.02243820494360451,139,2.0,10.0
141,1,10.0,141,было,369.0,0.04427645788336933,140,2.0,10.0
142,1,10.0,142,"бога,",118.0,0.014158867290616751,141,1.0,10.0
143,1,10.0,143,подобного,537.0,0.064434845212383,142,3.0,10.0
144,1,10.0,144,"янусу,",238.0,0.02855771538276938,143,2.0,10.0
145,1,10.0,145,и,367.0,0.044036477081833454,144,2.0,10.0
146,1,10.0,146,римляне,522.0,0.06263498920086392,145,3.0,10.0
147,1,10.0,147,провозглашали,1687.0,0.20242380609551236,146,7.0,10.0
148,1,10.0,148,его,220.0,0.026397888168946483,147,1.0,10.0
149,1,10.0,149,исключительно,954.0,0.11447084233261338,148,7.0,10.0
150,1,10.0,150,своим,915.0,0.10979121670266379,149,5.0,10.0
151,1,10.0,151,божеством.,1009.0,0.12107031437485001,150,6.0,10.0
152,2,1.0,1,жест,1343.0,0.2229045643153527,0,4.0,11.0
153,2,1.0,2,«шака»,850.0,0.14107883817427386,1,3.0,11.0
154,2,1.0,3,—,273.0,0.04531120331950207,2,2.0,11.0
155,2,1.0,4,это,541.0,0.08979253112033195,3,2.0,11.0
156,2,1.0,5,знак,347.0,0.05759336099585062,4,2.0,11.0
157,2,1.0,6,дружеских,641.0,0.10639004149377593,5,3.0,11.0
158,2,1.0,7,"намерений,",400.0,0.06639004149377593,6,2.0,11.0
159,2,1.0,8,который,296.0,0.049128630705394194,7,1.0,11.0
160,2,1.0,9,часто,193.0,0.03203319502074689,8,1.0,11.0
161,2,1.0,10,связывают,151.0,0.025062240663900413,9,1.0,11.0
162,2,1.0,11,с,,,10,NA,11.0
163,2,1.0,12,гавайями,446.0,0.07402489626556016,11,2.0,11.0
164,2,1.0,13,и,,,12,NA,11.0
165,2,1.0,14,сёрф-,216.0,0.035850622406639006,13,1.0,11.0
166,2,1.0,15,культурой.,328.0,0.054439834024896265,14,2.0,11.0
167,2,2.0,16,чтобы,392.0,0.054188554050317944,15,2.0,12.0
168,2,2.0,17,показать,228.0,0.031517832457837985,16,1.0,12.0
169,2,2.0,18,этот,,,17,NA,12.0
170,2,2.0,19,"жест,",,,18,NA,12.0
171,2,2.0,20,нужно,151.0,0.020873652197954104,19,1.0,12.0
172,2,2.0,21,оттопырить,149.0,0.020597179983411668,20,1.0,12.0
173,2,2.0,22,большой,167.0,0.023085429914293614,21,1.0,12.0
174,2,2.0,23,палец,192.0,0.026541332596074094,22,1.0,12.0
175,2,2.0,24,и,,,23,NA,12.0
176,2,2.0,25,мизинец,566.0,0.07824163671551009,24,3.0,12.0
177,2,2.0,26,и,,,25,NA,12.0
178,2,2.0,27,прижать,291.0,0.0402267072159248,26,2.0,12.0
179,2,2.0,28,к,,,27,NA,12.0
180,2,2.0,29,ладони,475.0,0.06566215095382914,28,3.0,12.0
181,2,2.0,30,"указательный,",631.0,0.08722698368813935,29,4.0,12.0
182,2,2.0,31,средний,726.0,0.10035941387890517,30,4.0,12.0
183,2,2.0,32,и,,,31,NA,12.0
184,2,2.0,33,безымянный,461.0,0.06372684545203207,32,3.0,12.0
185,2,2.0,34,"пальцы,",166.0,0.022947193807022395,33,1.0,12.0
186,2,2.0,35,повернув,481.0,0.06649156759745646,34,2.0,12.0
187,2,2.0,36,ладонь,317.0,0.0438208460049765,35,2.0,12.0
188,2,2.0,37,передней,594.0,0.08211224771910423,36,3.0,12.0
189,2,2.0,38,или,,,37,NA,12.0
190,2,2.0,39,тыльной,809.0,0.11183301078241636,38,4.0,12.0
191,2,2.0,40,стороной,256.0,0.03538844346143213,39,2.0,12.0
192,2,2.0,41,к,,,40,NA,12.0
193,2,2.0,42,собеседнику.,182.0,0.0251589715233619,41,1.0,12.0
194,2,3.0,43,для,169.0,0.11752433936022254,42,1.0,13.0
195,2,3.0,44,большей,166.0,0.11543810848400557,43,1.0,13.0
196,2,3.0,45,выразительности,176.0,0.12239221140472879,44,1.0,13.0
197,2,3.0,46,ладонь,267.0,0.18567454798331015,45,1.0,13.0
198,2,3.0,47,покачивают,404.0,0.2809457579972184,46,2.0,13.0
199,2,3.0,48,взад-,256.0,0.1780250347705146,47,1.0,13.0
200,2,3.0,49,вперёд.,,,48,NA,13.0
201,2,4.0,50,жест,217.0,0.045722713864306784,49,2.0,14.0
202,2,4.0,51,«шака»,525.0,0.11061946902654868,50,4.0,14.0
203,2,4.0,52,был,510.0,0.10745891276864729,51,3.0,14.0
204,2,4.0,53,заимствован,251.0,0.052886641382216604,52,2.0,14.0
205,2,4.0,54,из,,,53,NA,14.0
206,2,4.0,55,традиционной,260.0,0.054782975136957436,54,2.0,14.0
207,2,4.0,56,гавайской,191.0,0.04024441635061104,55,1.0,14.0
208,2,4.0,57,культуры,189.0,0.03982300884955752,56,1.0,14.0
209,2,4.0,58,приезжими,534.0,0.1125158027812895,57,2.0,14.0
210,2,4.0,59,сёрферами,154.0,0.032448377581120944,58,1.0,14.0
211,2,4.0,60,в,,,59,NA,14.0
212,2,4.0,61,шестидесятых,422.0,0.08891698272229245,60,2.0,14.0
213,2,4.0,62,годах,162.0,0.03413400758533502,61,1.0,14.0
214,2,4.0,63,прошлого,222.0,0.04677623261694058,62,1.0,14.0
215,2,4.0,64,века,192.0,0.040455120101137804,63,1.0,14.0
216,2,4.0,65,и,,,64,NA,14.0
217,2,4.0,66,затем,158.0,0.033291192583227984,65,1.0,14.0
218,2,4.0,67,получил,165.0,0.0347661188369153,66,1.0,14.0
219,2,4.0,68,распространение,228.0,0.04804045512010114,67,1.0,14.0
220,2,4.0,69,по,,,68,NA,14.0
221,2,4.0,70,всему,218.0,0.04593341761483354,69,1.0,14.0
222,2,4.0,71,миру.,148.0,0.031184155077960386,70,1.0,14.0
223,2,5.0,72,в,,,71,NA,15.0
224,2,5.0,73,основном,230.0,0.10727611940298508,72,1.0,15.0
225,2,5.0,74,этот,117.0,0.05457089552238806,73,1.0,15.0
226,2,5.0,75,жест,,,74,NA,15.0
227,2,5.0,76,используют,205.0,0.09561567164179105,75,1.0,15.0
228,2,5.0,77,для,,,76,NA,15.0
229,2,5.0,78,"приветствия,",285.0,0.13292910447761194,77,2.0,15.0
230,2,5.0,79,но,,,78,NA,15.0
231,2,5.0,80,им,210.0,0.09794776119402986,79,1.0,15.0
232,2,5.0,81,также,,,80,NA,15.0
233,2,5.0,82,можно,155.0,0.07229477611940298,81,1.0,15.0
234,2,5.0,83,выразить,190.0,0.08861940298507463,82,1.0,15.0
235,2,5.0,84,"благодарность,",198.0,0.09235074626865672,83,1.0,15.0
236,2,5.0,85,поддержку,232.0,0.10820895522388059,84,1.0,15.0
237,2,5.0,86,или,105.0,0.04897388059701493,85,1.0,15.0
238,2,5.0,87,даже,,,86,NA,15.0
239,2,5.0,88,похвалу.,217.0,0.10121268656716417,87,1.0,15.0
240,2,6.0,89,жители,184.0,0.024854788599216533,88,2.0,16.0
241,2,6.0,90,гавайев,170.0,0.022963663379710928,89,1.0,16.0
242,2,6.0,91,используют,206.0,0.02782655680129677,90,1.0,16.0
243,2,6.0,92,"шака,",242.0,0.03268945022288262,91,1.0,16.0
244,2,6.0,93,чтобы,,,92,NA,16.0
245,2,6.0,94,передать,456.0,0.06159665000675402,93,3.0,16.0
246,2,6.0,95,«дух,218.0,0.02944752127515872,94,1.0,16.0
247,2,6.0,96,алоха»:,1046.0,0.14129406997163313,95,4.0,16.0
248,2,6.0,97,идею,400.0,0.054032149128731596,96,1.0,16.0
249,2,6.0,98,"дружбы,",306.0,0.04133459408347967,97,1.0,16.0
250,2,6.0,99,"понимания,",236.0,0.03187896798595164,98,1.0,16.0
251,2,6.0,100,сострадания,421.0,0.056868836957990006,99,2.0,16.0
252,2,6.0,101,и,,,100,NA,16.0
253,2,6.0,102,солидарности,845.0,0.1141429150344455,101,5.0,16.0
254,2,6.0,103,между,302.0,0.04079427259219236,102,2.0,16.0
255,2,6.0,104,различными,791.0,0.10684857490206673,103,3.0,16.0
256,2,6.0,105,"народами,",238.0,0.0321491287315953,104,1.0,16.0
257,2,6.0,106,живущими,341.0,0.04606240713224369,105,2.0,16.0
258,2,6.0,107,на,319.0,0.04309063893016345,106,1.0,16.0
259,2,6.0,108,гавайях.,682.0,0.09212481426448738,107,3.0,16.0
260,2,7.0,109,хотя,622.0,0.04289951031105593,108,3.0,17.0
261,2,7.0,110,точное,191.0,0.013173322298089523,109,2.0,17.0
262,2,7.0,111,происхождение,541.0,0.03731291813228498,110,4.0,17.0
263,2,7.0,112,знака,439.0,0.030277950203462307,111,4.0,17.0
264,2,7.0,113,"неясно,",189.0,0.01303538175046555,112,2.0,17.0
265,2,7.0,114,некоторые,732.0,0.05048624043037451,113,4.0,17.0
266,2,7.0,115,"предполагают,",347.0,0.0239326850127595,114,2.0,17.0
267,2,7.0,116,что,180.0,0.012414649286157667,115,1.0,17.0
268,2,7.0,117,он,533.0,0.03676115594178909,116,2.0,17.0
269,2,7.0,118,произошёл,226.0,0.01558728188150907,117,1.0,17.0
270,2,7.0,119,от,423.0,0.029174425822470516,118,2.0,17.0
271,2,7.0,120,испанских,634.0,0.04372715359679978,119,2.0,17.0
272,2,7.0,121,иммигрантов:,1282.0,0.08841989102696737,120,6.0,17.0
273,2,7.0,122,они,384.0,0.02648458514380302,121,2.0,17.0
274,2,7.0,123,прижимали,1628.0,0.1122836057659149,122,7.0,17.0
275,2,7.0,124,четыре,457.0,0.03151941513207807,123,3.0,17.0
276,2,7.0,125,пальца,493.0,0.03400234498930961,124,2.0,17.0
277,2,7.0,126,к,62.0,0.004276156976343196,125,1.0,17.0
278,2,7.0,127,ладони,519.0,0.03579557210842127,126,3.0,17.0
279,2,7.0,128,и,,,127,NA,17.0
280,2,7.0,129,прикладывали,779.0,0.0537278432995379,128,4.0,17.0
281,2,7.0,130,оттопыренный,1267.0,0.08738533691978757,129,7.0,17.0
282,2,7.0,131,большой,708.0,0.04883095385888682,130,3.0,17.0
283,2,7.0,132,палец,260.0,0.01793227119111663,131,2.0,17.0
284,2,7.0,133,к,,,132,NA,17.0
285,2,7.0,134,губам,,,133,NA,17.0
286,2,7.0,135,в,,,134,NA,17.0
287,2,7.0,136,качестве,,,135,NA,17.0
288,2,7.0,137,дружеского,,,136,NA,17.0
289,2,7.0,138,"жеста,",224.0,0.015449341333885095,137,2.0,17.0
290,2,7.0,139,"изображая,",141.0,0.009724808607490172,138,1.0,17.0
291,2,7.0,140,что,115.0,0.00793158148837851,139,1.0,17.0
292,2,7.0,141,выпивают,142.0,0.00979377888130216,140,1.0,17.0
293,2,7.0,142,вместе,306.0,0.02110490378646803,141,1.0,17.0
294,2,7.0,143,с,188.0,0.012966411476653563,142,1.0,17.0
295,2,7.0,144,местными,192.0,0.01324229257190151,143,1.0,17.0
296,2,7.0,145,жителями.,295.0,0.020346230774536175,144,2.0,17.0
297,6,1.0,1,монокль,397.0,0.09664070107108082,0,2.0,18.0
298,6,1.0,2,—,,,1,NA,18.0
299,6,1.0,3,это,,,2,NA,18.0
300,6,1.0,4,оптический,519.0,0.12633885102239534,3,4.0,18.0
301,6,1.0,5,прибор,,,4,NA,18.0
302,6,1.0,6,для,529.0,0.12877312560856866,5,3.0,18.0
303,6,1.0,7,коррекции,925.0,0.22517039922103213,6,4.0,18.0
304,6,1.0,8,"зрения,",338.0,0.08227848101265822,7,2.0,18.0
305,6,1.0,9,используемый,568.0,0.1382667964946446,8,3.0,18.0
306,6,1.0,10,для,,,9,NA,18.0
307,6,1.0,11,одного,573.0,0.13948393378773125,10,3.0,18.0
308,6,1.0,12,глаза.,259.0,0.06304771178188899,11,1.0,18.0
309,6,2.0,13,он,336.0,0.16716417910447762,12,1.0,19.0
310,6,2.0,14,состоит,185.0,0.09203980099502487,13,1.0,19.0
311,6,2.0,15,из,,,14,NA,19.0
312,6,2.0,16,одиночной,258.0,0.12835820895522387,15,1.0,19.0
313,6,2.0,17,"линзы,",232.0,0.1154228855721393,16,1.0,19.0
314,6,2.0,18,как,,,17,NA,19.0
315,6,2.0,19,"правило,",183.0,0.09104477611940298,18,1.0,19.0
316,6,2.0,20,с,,,19,NA,19.0
317,6,2.0,21,оправой.,816.0,0.4059701492537313,20,4.0,19.0
318,6,3.0,22,оправа,392.0,0.062123613312202855,21,2.0,20.0
319,6,3.0,23,может,56.0,0.008874801901743265,22,1.0,20.0
320,6,3.0,24,быть,432.0,0.06846275752773376,23,2.0,20.0
321,6,3.0,25,оснащена,720.0,0.11410459587955626,24,4.0,20.0
322,6,3.0,26,цепочкой,568.0,0.09001584786053883,25,3.0,20.0
323,6,3.0,27,или,89.0,0.01410459587955626,26,1.0,20.0
324,6,3.0,28,"шнурком,",717.0,0.11362916006339144,27,2.0,20.0
325,6,3.0,29,которые,853.0,0.13518225039619652,28,5.0,20.0
326,6,3.0,30,крепятся,704.0,0.1115689381933439,29,3.0,20.0
327,6,3.0,31,к,,,30,NA,20.0
328,6,3.0,32,"одежде,",223.0,0.03534072900158479,31,2.0,20.0
329,6,3.0,33,чтобы,397.0,0.06291600633914421,32,2.0,20.0
330,6,3.0,34,не,,,33,NA,20.0
331,6,3.0,35,потерять,848.0,0.13438985736925516,34,3.0,20.0
332,6,3.0,36,монокль.,311.0,0.04928684627575277,35,1.0,20.0
333,6,4.0,37,монокль,402.0,0.05421443020903574,36,2.0,21.0
334,6,4.0,38,вошёл,258.0,0.034794335805799055,37,2.0,21.0
335,6,4.0,39,в,242.0,0.03263654753877276,38,1.0,21.0
336,6,4.0,40,моду,121.0,0.01631827376938638,39,1.0,21.0
337,6,4.0,41,одновременно,524.0,0.07066756574511127,40,2.0,21.0
338,6,4.0,42,с,,,41,NA,21.0
339,6,4.0,43,пенсне,1130.0,0.1523937963587323,42,6.0,21.0
340,6,4.0,44,и,382.0,0.051517194875252866,43,2.0,21.0
341,6,4.0,45,широко,450.0,0.060687795010114634,44,2.0,21.0
342,6,4.0,46,использовался,433.0,0.058395144976399194,45,2.0,21.0
343,6,4.0,47,со,,,46,NA,21.0
344,6,4.0,48,второй,482.0,0.06500337154416723,47,2.0,21.0
345,6,4.0,49,половины,129.0,0.017397167902899528,48,1.0,21.0
346,6,4.0,50,девятнадцатого,458.0,0.06176668914362778,49,2.0,21.0
347,6,4.0,51,века,,,50,NA,21.0
348,6,4.0,52,вплоть,484.0,0.06527309507754551,51,2.0,21.0
349,6,4.0,53,до,,,52,NA,21.0
350,6,4.0,54,первой,361.0,0.04868509777478085,53,2.0,21.0
351,6,4.0,55,мировой,1362.0,0.18368172623061363,54,6.0,21.0
352,6,4.0,56,войны.,197.0,0.026567768037761296,55,1.0,21.0
353,6,5.0,57,"монокль,",692.0,0.11006839510100207,56,3.0,22.0
354,6,5.0,58,как,,,57,NA,22.0
355,6,5.0,59,"правило,",800.0,0.12724669953873072,58,3.0,22.0
356,6,5.0,60,носили,,,59,NA,22.0
357,6,5.0,61,мужчины,917.0,0.14585652934627008,60,4.0,22.0
358,6,5.0,62,—,,,61,NA,22.0
359,6,5.0,63,особую,245.0,0.03896930173373628,62,1.0,22.0
360,6,5.0,64,популярность,453.0,0.07205344361380626,63,2.0,22.0
361,6,5.0,65,он,152.0,0.024176872912358836,64,1.0,22.0
362,6,5.0,66,снискал,289.0,0.04596787020836647,65,1.0,22.0
363,6,5.0,67,среди,201.0,0.03197073325910609,66,1.0,22.0
364,6,5.0,68,гвардейских,397.0,0.06314617464609512,67,2.0,22.0
365,6,5.0,69,"офицеров,",187.0,0.029743916017178306,68,1.0,22.0
366,6,5.0,70,особенно,355.0,0.05646572292031175,69,1.0,22.0
367,6,5.0,71,"немецких,",145.0,0.02306346429139494,70,1.0,22.0
368,6,5.0,72,а,,,71,NA,22.0
369,6,5.0,73,также,277.0,0.04405916971528551,72,1.0,22.0
370,6,5.0,74,среди,,,73,NA,22.0
371,6,5.0,75,состоятельных,552.0,0.08780022268172419,74,3.0,22.0
372,6,5.0,76,людей,195.0,0.031016383012565613,75,1.0,22.0
373,6,5.0,77,из,,,76,NA,22.0
374,6,5.0,78,высших,150.0,0.023858756163512008,77,1.0,22.0
375,6,5.0,79,слоев,109.0,0.01733736281215206,78,1.0,22.0
376,6,5.0,80,общества.,171.0,0.027198982026403692,79,1.0,22.0
377,6,6.0,81,несмотря,190.0,0.0844069302532208,80,1.0,23.0
378,6,6.0,82,на,,,81,NA,23.0
379,6,6.0,83,широкую,174.0,0.07729897823189694,82,1.0,23.0
380,6,6.0,84,распространенность,203.0,0.09018214127054643,83,1.0,23.0
381,6,6.0,85,этого,,,84,NA,23.0
382,6,6.0,86,аксессуара,235.0,0.10439804531319413,85,1.0,23.0
383,6,6.0,87,чуть,,,86,NA,23.0
384,6,6.0,88,больше,185.0,0.08218569524655708,87,1.0,23.0
385,6,6.0,89,века,,,88,NA,23.0
386,6,6.0,90,"назад,",258.0,0.11461572634384717,89,2.0,23.0
387,6,6.0,91,сегодня,222.0,0.0986228342958685,90,1.0,23.0
388,6,6.0,92,монокли,201.0,0.08929364726788094,91,1.0,23.0
389,6,6.0,93,носят,234.0,0.1039537983118614,92,1.0,23.0
390,6,6.0,94,редко.,349.0,0.15504220346512662,93,1.0,23.0
391,6,7.0,95,в,,,94,NA,24.0
392,6,7.0,96,значительной,228.0,0.06331574562621493,95,1.0,24.0
393,6,7.0,97,степени,178.0,0.04943071369064149,96,1.0,24.0
394,6,7.0,98,это,,,97,NA,24.0
395,6,7.0,99,обусловлено,219.0,0.06081643987781172,98,1.0,24.0
396,6,7.0,100,достижениями,140.0,0.03887808941960567,99,1.0,24.0
397,6,7.0,101,в,,,100,NA,24.0
398,6,7.0,102,"офтальмологии,",349.0,0.0969175229103027,101,2.0,24.0
399,6,7.0,103,благодаря,162.0,0.04498750347125798,102,1.0,24.0
400,6,7.0,104,которым,185.0,0.05137461816162177,103,1.0,24.0
401,6,7.0,105,аномалию,334.0,0.09275201332963066,104,2.0,24.0
402,6,7.0,106,рефракции,745.0,0.20688697584004442,105,4.0,24.0
403,6,7.0,107,теперь,150.0,0.04165509580672035,106,1.0,24.0
404,6,7.0,108,можно,,,107,NA,24.0
405,6,7.0,109,измерить,489.0,0.13579561232990836,108,3.0,24.0
406,6,7.0,110,более,155.0,0.0430435990002777,109,1.0,24.0
407,6,7.0,111,точно.,267.0,0.07414607053596223,110,1.0,24.0
408,6,8.0,112,в,133.0,0.040278619018776496,111,1.0,25.0
409,6,8.0,113,результате,245.0,0.07419745608721987,112,2.0,25.0
410,6,8.0,114,современные,212.0,0.06420351302241066,113,1.0,25.0
411,6,8.0,115,очки,,,114,NA,25.0
412,6,8.0,116,могут,279.0,0.08449424591156875,115,1.0,25.0
413,6,8.0,117,быть,205.0,0.06208358570563295,116,1.0,25.0
414,6,8.0,118,оснащены,320.0,0.09691096305269534,117,2.0,25.0
415,6,8.0,119,линзами,224.0,0.06783767413688674,118,1.0,25.0
416,6,8.0,120,разной,244.0,0.07389460932768019,119,1.0,25.0
417,6,8.0,121,силы,,,120,NA,25.0
418,6,8.0,122,для,183.0,0.05542095699576015,121,1.0,25.0
419,6,8.0,123,каждого,311.0,0.09418534221683827,122,1.0,25.0
420,6,8.0,124,"глаза,",,,123,NA,25.0
421,6,8.0,125,с,95.0,0.02877044215626893,124,1.0,25.0
422,6,8.0,126,учётом,,,125,NA,25.0
423,6,8.0,127,индивидуальных,382.0,0.11568746214415505,126,3.0,25.0
424,6,8.0,128,особенностей,214.0,0.06480920654149,127,1.0,25.0
425,6,8.0,129,зрения.,255.0,0.07722592368261659,128,3.0,25.0
426,7,1.0,1,дегустация,554.0,0.32115942028985506,0,3.0,26.0
427,7,1.0,2,—,,,1,NA,26.0
428,7,1.0,3,это,,,2,NA,26.0
429,7,1.0,4,сенсорный,594.0,0.3443478260869565,3,4.0,26.0
430,7,1.0,5,анализ,156.0,0.09043478260869565,4,1.0,26.0
431,7,1.0,6,и,,,5,NA,26.0
432,7,1.0,7,оценка,265.0,0.1536231884057971,6,1.0,26.0
433,7,1.0,8,вина.,156.0,0.09043478260869565,7,1.0,26.0
434,7,2.0,9,хотя,252.0,0.027495908346972176,8,1.0,27.0
435,7,2.0,10,дегустация,346.0,0.037752318603382434,9,2.0,27.0
436,7,2.0,11,вина,,,10,NA,27.0
437,7,2.0,12,—,142.0,0.015493726132024004,11,1.0,27.0
438,7,2.0,13,явление,427.0,0.04659028914348063,12,2.0,27.0
439,7,2.0,14,такое,,,13,NA,27.0
440,7,2.0,15,же,219.0,0.023895253682487724,14,1.0,27.0
441,7,2.0,16,"древнее,",232.0,0.025313693398799783,15,1.0,27.0
442,7,2.0,17,как,,,16,NA,27.0
443,7,2.0,18,само,242.0,0.026404800872885978,17,1.0,27.0
444,7,2.0,19,"виноделие,",205.0,0.02236770321876705,18,1.0,27.0
445,7,2.0,20,более,292.0,0.031860338243316966,19,2.0,27.0
446,7,2.0,21,или,484.0,0.052809601745771956,20,4.0,27.0
447,7,2.0,22,менее,268.0,0.029241680305510092,21,1.0,27.0
448,7,2.0,23,формальная,1054.0,0.11500272776868521,22,6.0,27.0
449,7,2.0,24,методология,1302.0,0.14206219312602292,23,5.0,27.0
450,7,2.0,25,дегустации,678.0,0.0739770867430442,24,2.0,27.0
451,7,2.0,26,начала,275.0,0.03000545553737043,25,2.0,27.0
452,7,2.0,27,постепенно,501.0,0.054664484451718495,26,3.0,27.0
453,7,2.0,28,зарождаться,455.0,0.04964539007092199,27,2.0,27.0
454,7,2.0,29,лишь,,,28,NA,27.0
455,7,2.0,30,с,184.0,0.020076377523186032,29,1.0,27.0
456,7,2.0,31,позднего,908.0,0.09907255864702673,30,5.0,27.0
457,7,2.0,32,средневековья.,699.0,0.0762684124386252,31,2.0,27.0
458,7,3.0,33,современные,336.0,0.0718409236690186,32,1.0,28.0
459,7,3.0,34,профессиональные,419.0,0.0895873423134488,33,2.0,28.0
460,7,3.0,35,дегустаторы,345.0,0.07376523412443874,34,2.0,28.0
461,7,3.0,36,используют,301.0,0.06435749412016249,35,1.0,28.0
462,7,3.0,37,постоянно,462.0,0.09878127004490057,36,2.0,28.0
463,7,3.0,38,расширяющуюся,298.0,0.06371605730168911,37,2.0,28.0
464,7,3.0,39,"терминологию,",506.0,0.10818901004917682,38,3.0,28.0
465,7,3.0,40,чтобы,,,39,NA,28.0
466,7,3.0,41,передать,567.0,0.12123155869146889,40,3.0,28.0
467,7,3.0,42,диапазон,375.0,0.08017960230917255,41,2.0,28.0
468,7,3.0,43,"вкусов,",94.0,0.02009835364549925,42,1.0,28.0
469,7,3.0,44,ароматов,247.0,0.05281163138764165,43,1.0,28.0
470,7,3.0,45,и,,,44,NA,28.0
471,7,3.0,46,общих,153.0,0.0327132777421424,45,1.0,28.0
472,7,3.0,47,характеристик,345.0,0.07376523412443874,46,1.0,28.0
473,7,3.0,48,вина.,229.0,0.04896301047680137,47,1.0,28.0
474,7,4.0,49,в,,,48,NA,29.0
475,7,4.0,50,последние,545.0,0.14444738934534854,49,3.0,29.0
476,7,4.0,51,годы,210.0,0.055658627087198514,50,1.0,29.0
477,7,4.0,52,появились,155.0,0.041081367611979856,51,1.0,29.0
478,7,4.0,53,"исследования,",103.0,0.027299231380864035,52,1.0,29.0
479,7,4.0,54,ставящие,211.0,0.05592366816856613,53,1.0,29.0
480,7,4.0,55,под,70.0,0.01855287569573284,54,1.0,29.0
481,7,4.0,56,сомнение,144.0,0.03816591571693612,55,1.0,29.0
482,7,4.0,57,надёжность,463.0,0.12271402067320435,56,3.0,29.0
483,7,4.0,58,результатов,409.0,0.1084018022793533,57,2.0,29.0
484,7,4.0,59,"дегустации,",107.0,0.028359395706334483,58,1.0,29.0
485,7,4.0,60,полученных,563.0,0.14921812880996554,59,3.0,29.0
486,7,4.0,61,как,,,60,NA,29.0
487,7,4.0,62,"экспертами,",318.0,0.08428306387490062,61,1.0,29.0
488,7,4.0,63,так,130.0,0.03445534057778956,62,1.0,29.0
489,7,4.0,64,и,,,63,NA,29.0
490,7,4.0,65,потребителями.,345.0,0.09143917307182613,64,2.0,29.0
491,7,5.0,66,"например,",261.0,0.08562992125984252,65,2.0,30.0
492,7,5.0,67,согласно,145.0,0.04757217847769029,66,1.0,30.0
493,7,5.0,68,результатам,245.0,0.08038057742782152,67,1.0,30.0
494,7,5.0,69,"исследований,",236.0,0.07742782152230972,68,1.0,30.0
495,7,5.0,70,люди,225.0,0.07381889763779527,69,1.0,30.0
496,7,5.0,71,"считают,",73.0,0.023950131233595802,70,1.0,30.0
497,7,5.0,72,что,,,71,NA,30.0
498,7,5.0,73,более,272.0,0.08923884514435695,72,2.0,30.0
499,7,5.0,74,дорогое,,,73,NA,30.0
500,7,5.0,75,вино,177.0,0.058070866141732284,74,1.0,30.0
501,7,5.0,76,будет,193.0,0.06332020997375327,75,1.0,30.0
502,7,5.0,77,обладать,232.0,0.07611548556430446,76,1.0,30.0
503,7,5.0,78,лучшими,134.0,0.043963254593175856,77,1.0,30.0
504,7,5.0,79,"характеристиками,",125.0,0.04101049868766404,78,1.0,30.0
505,7,5.0,80,чем,,,79,NA,30.0
506,7,5.0,81,менее,177.0,0.058070866141732284,80,1.0,30.0
507,7,5.0,82,дорогое.,553.0,0.18143044619422571,81,1.0,30.0
508,7,6.0,83,когда,,,82,NA,31.0
509,7,6.0,84,дегустаторам,498.0,0.08929532006455083,83,2.0,31.0
510,7,6.0,85,предлагают,335.0,0.06006813699121392,84,2.0,31.0
511,7,6.0,86,"вино,",115.0,0.02062040523578985,85,1.0,31.0
512,7,6.0,87,которое,168.0,0.03012372243141474,86,1.0,31.0
513,7,6.0,88,неправильно,688.0,0.12336381567150798,87,5.0,31.0
514,7,6.0,89,описано,279.0,0.05002689618074233,88,2.0,31.0
515,7,6.0,90,как,359.0,0.06437152590998745,89,2.0,31.0
516,7,6.0,91,"дорогое,",250.0,0.04482696790389098,90,1.0,31.0
517,7,6.0,92,они,150.0,0.02689618074233459,91,1.0,31.0
518,7,6.0,93,практически,197.0,0.03532365070826609,92,1.0,31.0
519,7,6.0,94,всегда,176.0,0.03155818540433925,93,1.0,31.0
520,7,6.0,95,оценивают,124.0,0.022234176080329928,94,1.0,31.0
521,7,6.0,96,его,,,95,NA,31.0
522,7,6.0,97,вкус,347.0,0.06221983145060068,96,1.0,31.0
523,7,6.0,98,"выше,",185.0,0.03317195624887932,97,1.0,31.0
524,7,6.0,99,чем,65.0,0.011655011655011656,98,1.0,31.0
525,7,6.0,100,вкус,,,99,NA,31.0
526,7,6.0,101,того,312.0,0.055944055944055944,100,2.0,31.0
527,7,6.0,102,же,,,101,NA,31.0
528,7,6.0,103,самого,317.0,0.05684059530213376,102,2.0,31.0
529,7,6.0,104,"вина,",,,103,NA,31.0
530,7,6.0,105,которое,219.0,0.0392684238838085,104,1.0,31.0
531,7,6.0,106,было,,,105,NA,31.0
532,7,6.0,107,представлено,332.0,0.05953021337636722,106,2.0,31.0
533,7,6.0,108,как,,,107,NA,31.0
534,7,6.0,109,дешевое.,461.0,0.08266092881477496,108,3.0,31.0
535,7,7.0,110,другие,202.0,0.10625986322987901,109,1.0,32.0
536,7,7.0,111,исследования,160.0,0.08416622830089426,110,1.0,32.0
537,7,7.0,112,"показывают,",,,111,NA,32.0
538,7,7.0,113,что,,,112,NA,32.0
539,7,7.0,114,на,,,113,NA,32.0
540,7,7.0,115,оценку,,,114,NA,32.0
541,7,7.0,116,вина,,,115,NA,32.0
542,7,7.0,117,дегустаторами,,,116,NA,32.0
543,7,7.0,118,влияет,,,117,NA,32.0
544,7,7.0,119,любая,,,118,NA,32.0
545,7,7.0,120,информация,,,119,NA,32.0
546,7,7.0,121,о,,,120,NA,32.0
547,7,7.0,122,"нём,",,,121,NA,32.0
548,7,7.0,123,"например,",,,122,NA,32.0
549,7,7.0,124,его,,,123,NA,32.0
550,7,7.0,125,географическое,219.0,0.11520252498684903,124,1.0,32.0
551,7,7.0,126,"происхождение,",392.0,0.20620725933719095,125,2.0,32.0
552,7,7.0,127,репутация,405.0,0.2130457653866386,126,2.0,32.0
553,7,7.0,128,и,,,127,NA,32.0
554,7,7.0,129,прочие,,,128,NA,32.0
555,7,7.0,130,характеристики.,523.0,0.2751183587585481,129,3.0,32.0
556,7,8.0,131,таким,219.0,0.056197074672825253,130,1.0,33.0
557,7,8.0,132,"образом,",186.0,0.04772902232486528,131,1.0,33.0
558,7,8.0,133,для,537.0,0.13779830638953042,132,2.0,33.0
559,7,8.0,134,объективной,223.0,0.05722350526045676,133,2.0,33.0
560,7,8.0,135,дегустации,247.0,0.06338208878624584,134,1.0,33.0
561,7,8.0,136,"требуется,",164.0,0.04208365409289197,135,1.0,33.0
562,7,8.0,137,чтобы,208.0,0.0533743905568386,136,1.0,33.0
563,7,8.0,138,вино,,,137,NA,33.0
564,7,8.0,139,подавалось,498.0,0.12779060816012316,138,2.0,33.0
565,7,8.0,140,"вслепую,",,,139,NA,33.0
566,7,8.0,141,то,,,140,NA,33.0
567,7,8.0,142,есть,249.0,0.06389530408006158,141,1.0,33.0
568,7,8.0,143,"так,",,,142,NA,33.0
569,7,8.0,144,чтобы,185.0,0.0474724146779574,143,2.0,33.0
570,7,8.0,145,дегустатор,235.0,0.0603027970233513,144,1.0,33.0
571,7,8.0,146,не,,,145,NA,33.0
572,7,8.0,147,видел,179.0,0.045932768796510134,146,1.0,33.0
573,7,8.0,148,этикетку,188.0,0.04824223761868104,147,1.0,33.0
574,7,8.0,149,или,,,148,NA,33.0
575,7,8.0,150,форму,197.0,0.05055170644085194,149,1.0,33.0
576,7,8.0,151,бутылки.,382.0,0.09802412111880934,150,2.0,33.0
577,7,9.0,152,дегустация,358.0,0.06286215978928884,151,2.0,34.0
578,7,9.0,153,вслепую,231.0,0.04056189640035118,152,1.0,34.0
579,7,9.0,154,также,303.0,0.05320456540825285,153,1.0,34.0
580,7,9.0,155,может,,,154,NA,34.0
581,7,9.0,156,предполагать,161.0,0.028270412642669007,155,1.0,34.0
582,7,9.0,157,подачу,,,156,NA,34.0
583,7,9.0,158,вина,415.0,0.07287093942054433,157,2.0,34.0
584,7,9.0,159,в,133.0,0.023353819139596138,158,1.0,34.0
585,7,9.0,160,черном,698.0,0.12256365232660228,159,3.0,34.0
586,7,9.0,161,"бокале,",466.0,0.08182616330114136,160,2.0,34.0
587,7,9.0,162,чтобы,162.0,0.028446005267778754,161,1.0,34.0
588,7,9.0,163,скрыть,840.0,0.14749780509218613,162,4.0,34.0
589,7,9.0,164,его,325.0,0.05706760316066725,163,3.0,34.0
590,7,9.0,165,цвет.,1603.0,0.28147497805092186,164,10.0,34.0
591,8,1.0,1,апельсиновый,1393.0,0.1829764875870222,0,7.0,35.0
592,8,1.0,2,сок,633.0,0.08314724812820176,1,3.0,35.0
593,8,1.0,3,—,,,2,NA,35.0
594,8,1.0,4,это,260.0,0.034152108235912255,3,1.0,35.0
595,8,1.0,5,"напиток,",1571.0,0.20635754630237751,4,8.0,35.0
596,8,1.0,6,который,916.0,0.12032050440036779,5,3.0,35.0
597,8,1.0,7,получают,1736.0,0.2280309996059372,6,5.0,35.0
598,8,1.0,8,из,,,7,NA,35.0
599,8,1.0,9,плодов,706.0,0.09273610928674636,8,3.0,35.0
600,8,1.0,10,апельсинового,333.0,0.04374096939445685,9,2.0,35.0
601,8,1.0,11,дерева.,65.0,0.008538027058978064,10,1.0,35.0
602,8,2.0,12,апельсиновый,261.0,0.07096247960848287,11,3.0,36.0
603,8,2.0,13,сок,299.0,0.0812941816204459,12,1.0,36.0
604,8,2.0,14,с,,,13,NA,36.0
605,8,2.0,15,длительным,232.0,0.06307775965198477,14,2.0,36.0
606,8,2.0,16,сроком,245.0,0.06661228928765633,15,2.0,36.0
607,8,2.0,17,"хранения,",138.0,0.037520391517128875,16,1.0,36.0
608,8,2.0,18,произведённый,176.0,0.0478520935290919,17,1.0,36.0
609,8,2.0,19,в,,,18,NA,36.0
610,8,2.0,20,промышленных,186.0,0.05057096247960848,19,1.0,36.0
611,8,2.0,21,"условиях,",195.0,0.05301794453507341,20,1.0,36.0
612,8,2.0,22,получают,217.0,0.0589994562262099,21,1.0,36.0
613,8,2.0,23,путем,137.0,0.03724850462207722,22,1.0,36.0
614,8,2.0,24,тепловой,363.0,0.09869494290375204,23,2.0,36.0
615,8,2.0,25,обработки,193.0,0.05247417074497009,24,1.0,36.0
616,8,2.0,26,—,,,25,NA,36.0
617,8,2.0,27,пастеризации,300.0,0.08156606851549755,26,1.0,36.0
618,8,2.0,28,—,,,27,NA,36.0
619,8,2.0,29,и,,,28,NA,36.0
620,8,2.0,30,удаления,314.0,0.08537248504622078,29,1.0,36.0
621,8,2.0,31,из,,,30,NA,36.0
622,8,2.0,32,него,214.0,0.05818379554105492,31,2.0,36.0
623,8,2.0,33,кислорода.,208.0,0.05655247417074497,32,1.0,36.0
624,8,3.0,34,этот,108.0,0.03169014084507042,33,1.0,37.0
625,8,3.0,35,процесс,197.0,0.05780516431924883,34,1.0,37.0
626,8,3.0,36,влияет,163.0,0.047828638497652586,35,1.0,37.0
627,8,3.0,37,на,,,36,NA,37.0
628,8,3.0,38,вкусовые,188.0,0.05516431924882629,37,1.0,37.0
629,8,3.0,39,качества,222.0,0.06514084507042253,38,1.0,37.0
630,8,3.0,40,"сока,",,,39,NA,37.0
631,8,3.0,41,что,,,40,NA,37.0
632,8,3.0,42,вынуждает,297.0,0.08714788732394366,41,2.0,37.0
633,8,3.0,43,производителей,236.0,0.06924882629107981,42,1.0,37.0
634,8,3.0,44,добавлять,229.0,0.06719483568075117,43,1.0,37.0
635,8,3.0,45,усилители,157.0,0.04606807511737089,44,1.0,37.0
636,8,3.0,46,вкуса,,,45,NA,37.0
637,8,3.0,47,(как,271.0,0.079518779342723,46,2.0,37.0
638,8,3.0,48,"правило,",233.0,0.06836854460093897,47,1.0,37.0
639,8,3.0,49,это,,,48,NA,37.0
640,8,3.0,50,вытяжки,579.0,0.1698943661971831,49,2.0,37.0
641,8,3.0,51,из,,,50,NA,37.0
642,8,3.0,52,цитрусовых).,528.0,0.15492957746478872,51,3.0,37.0
643,8,4.0,53,более,,,52,NA,38.0
644,8,4.0,54,"того,",218.0,0.061512415349887134,53,1.0,38.0
645,8,4.0,55,некоторые,204.0,0.05756207674943566,54,1.0,38.0
646,8,4.0,56,производители,169.0,0.047686230248306996,55,1.0,38.0
647,8,4.0,57,выпаривают,479.0,0.13515801354401805,56,2.0,38.0
648,8,4.0,58,сок,158.0,0.044582392776523705,57,1.0,38.0
649,8,4.0,59,и,,,58,NA,38.0
650,8,4.0,60,затем,211.0,0.0595372460496614,59,1.0,38.0
651,8,4.0,61,снова,,,60,NA,38.0
652,8,4.0,62,добавляют,258.0,0.07279909706546275,61,2.0,38.0
653,8,4.0,63,в,,,62,NA,38.0
654,8,4.0,64,него,414.0,0.11681715575620767,63,2.0,38.0
655,8,4.0,65,воду,99.0,0.027934537246049662,64,1.0,38.0
656,8,4.0,66,или,190.0,0.0536117381489842,65,1.0,38.0
657,8,4.0,67,разбавляют,359.0,0.1012979683972912,66,2.0,38.0
658,8,4.0,68,водой,210.0,0.05925507900677201,67,1.0,38.0
659,8,4.0,69,заранее,120.0,0.033860045146726865,68,1.0,38.0
660,8,4.0,70,изготовленный,252.0,0.07110609480812641,69,2.0,38.0
661,8,4.0,71,концентрат.,203.0,0.05727990970654628,70,1.0,38.0
662,8,5.0,72,сложно,186.0,0.036758893280632414,71,1.0,39.0
663,8,5.0,73,"сказать,",116.0,0.02292490118577075,72,1.0,39.0
664,8,5.0,74,насколько,574.0,0.11343873517786561,73,3.0,39.0
665,8,5.0,75,апельсиновый,721.0,0.1424901185770751,74,4.0,39.0
666,8,5.0,76,сок,,,75,NA,39.0
667,8,5.0,77,полезен,557.0,0.11007905138339921,76,4.0,39.0
668,8,5.0,78,для,207.0,0.04090909090909091,77,1.0,39.0
669,8,5.0,79,здоровья:,150.0,0.029644268774703556,78,1.0,39.0
670,8,5.0,80,несмотря,310.0,0.06126482213438735,79,2.0,39.0
671,8,5.0,81,на,,,80,NA,39.0
672,8,5.0,82,"то,",,,81,NA,39.0
673,8,5.0,83,что,157.0,0.031027667984189725,82,1.0,39.0
674,8,5.0,84,он,,,83,NA,39.0
675,8,5.0,85,является,254.0,0.050197628458498025,84,1.0,39.0
676,8,5.0,86,важным,141.0,0.027865612648221343,85,1.0,39.0
677,8,5.0,87,источником,166.0,0.032806324110671935,86,1.0,39.0
678,8,5.0,88,витамина,185.0,0.036561264822134384,87,1.0,39.0
679,8,5.0,89,"с,",,,88,NA,39.0
680,8,5.0,90,в,,,89,NA,39.0
681,8,5.0,91,нем,,,90,NA,39.0
682,8,5.0,92,содержится,261.0,0.05158102766798419,91,2.0,39.0
683,8,5.0,93,столько,179.0,0.03537549407114624,92,1.0,39.0
684,8,5.0,94,же,,,93,NA,39.0
685,8,5.0,95,простых,263.0,0.051976284584980235,94,2.0,39.0
686,8,5.0,96,"сахаров,",199.0,0.03932806324110672,95,1.0,39.0
687,8,5.0,97,сколько,141.0,0.027865612648221343,96,1.0,39.0
688,8,5.0,98,в,,,97,NA,39.0
689,8,5.0,99,газированных,254.0,0.050197628458498025,98,2.0,39.0
690,8,5.0,100,напитках.,39.0,0.007707509881422925,99,1.0,39.0
691,8,6.0,101,также,245.0,0.07887958789439795,100,1.0,40.0
692,8,6.0,102,необходимо,198.0,0.06374758531873792,101,1.0,40.0
693,8,6.0,103,"учитывать,",161.0,0.05183515775917579,102,1.0,40.0
694,8,6.0,104,что,133.0,0.04282034771410174,103,1.0,40.0
695,8,6.0,105,употребление,231.0,0.07437218287186091,104,1.0,40.0
696,8,6.0,106,апельсинового,214.0,0.06889890534449453,105,1.0,40.0
697,8,6.0,107,сока,187.0,0.060206052801030266,106,1.0,40.0
698,8,6.0,108,на,,,107,NA,40.0
699,8,6.0,109,голодный,219.0,0.07050869285254346,108,1.0,40.0
700,8,6.0,110,желудок,199.0,0.06406954282034771,109,2.0,40.0
701,8,6.0,111,может,,,110,NA,40.0
702,8,6.0,112,обострить,341.0,0.10978750804893754,111,2.0,40.0
703,8,6.0,113,проблемы,65.0,0.02092723760463619,112,1.0,40.0
704,8,6.0,114,с,,,113,NA,40.0
705,8,6.0,115,кишечником,136.0,0.0437862202189311,114,1.0,40.0
706,8,6.0,116,или,,,115,NA,40.0
707,8,6.0,117,вызвать,249.0,0.08016741790083709,116,1.0,40.0
708,8,6.0,118,расстройство,341.0,0.10978750804893754,117,2.0,40.0
709,8,6.0,119,пищеварения.,187.0,0.060206052801030266,118,1.0,40.0
710,8,7.0,120,кроме,206.0,0.04717197160522098,119,1.0,41.0
711,8,7.0,121,"того,",,,120,NA,41.0
712,8,7.0,122,высокая,230.0,0.052667735287382646,121,1.0,41.0
713,8,7.0,123,кислотность,230.0,0.052667735287382646,122,1.0,41.0
714,8,7.0,124,этого,,,123,NA,41.0
715,8,7.0,125,напитка,263.0,0.06022441035035493,124,1.0,41.0
716,8,7.0,126,оказывает,279.0,0.06388825280512939,125,1.0,41.0
717,8,7.0,127,вредное,188.0,0.04305014884359973,126,1.0,41.0
718,8,7.0,128,воздействие,439.0,0.10052667735287382,127,2.0,41.0
719,8,7.0,129,на,,,128,NA,41.0
720,8,7.0,130,зубную,272.0,0.06228532173116556,129,2.0,41.0
721,8,7.0,131,"эмаль,",255.0,0.05839248912296771,130,2.0,41.0
722,8,7.0,132,поэтому,171.0,0.039157316235401876,131,1.0,41.0
723,8,7.0,133,апельсиновый,797.0,0.18250515227845202,132,5.0,41.0
724,8,7.0,134,сок,,,133,NA,41.0
725,8,7.0,135,рекомендуют,602.0,0.13785207236088848,134,4.0,41.0
726,8,7.0,136,пить,,,135,NA,41.0
727,8,7.0,137,через,,,136,NA,41.0
728,8,7.0,138,соломинку.,435.0,0.09961071673918022,137,4.0,41.0
729,12,1.0,1,регистрационный,716.0,0.18410902545641553,0,4.0,42.0
730,12,1.0,2,номер,166.0,0.04268449472872204,1,1.0,42.0
731,12,1.0,3,транспортного,385.0,0.09899717150938545,2,1.0,42.0
732,12,1.0,4,средства,222.0,0.05708408331190538,3,1.0,42.0
733,12,1.0,5,—,,,4,NA,42.0
734,12,1.0,6,это,185.0,0.04757006942658781,5,1.0,42.0
735,12,1.0,7,металлическая,226.0,0.05811262535356133,6,1.0,42.0
736,12,1.0,8,или,181.0,0.046541527384931856,7,1.0,42.0
737,12,1.0,9,пластиковая,204.0,0.05245564412445359,8,1.0,42.0
738,12,1.0,10,"табличка,",214.0,0.05502699922859347,9,1.0,42.0
739,12,1.0,11,которая,195.0,0.050141424530727695,10,1.0,42.0
740,12,1.0,12,помещается,150.0,0.038570326562098224,11,1.0,42.0
741,12,1.0,13,на,,,12,NA,42.0
742,12,1.0,14,транспортное,302.0,0.07765492414502442,13,2.0,42.0
743,12,1.0,15,средство,174.0,0.044741578812033944,14,1.0,42.0
744,12,1.0,16,в,,,15,NA,42.0
745,12,1.0,17,целях,198.0,0.05091283106196966,16,1.0,42.0
746,12,1.0,18,идентификации.,371.0,0.09539727436358961,17,2.0,42.0
747,12,2.0,19,все,,,18,NA,43.0
748,12,2.0,20,страны,189.0,0.06882738528769118,19,1.0,43.0
749,12,2.0,21,требуют,,,20,NA,43.0
750,12,2.0,22,регистрационных,222.0,0.0808448652585579,21,1.0,43.0
751,12,2.0,23,знаков,,,22,NA,43.0
752,12,2.0,24,для,180.0,0.06554989075018208,23,1.0,43.0
753,12,2.0,25,таких,687.0,0.2501820830298616,24,3.0,43.0
754,12,2.0,26,наземных,,,25,NA,43.0
755,12,2.0,27,транспортных,240.0,0.08739985433357611,26,1.0,43.0
756,12,2.0,28,"средств,",79.0,0.02876911871813547,27,1.0,43.0
757,12,2.0,29,как,,,28,NA,43.0
758,12,2.0,30,легковые,,,29,NA,43.0
759,12,2.0,31,и,126.0,0.045884923525127456,30,1.0,43.0
760,12,2.0,32,грузовые,313.0,0.11398397669337218,31,2.0,43.0
761,12,2.0,33,"автомобили,",182.0,0.06627822286962855,32,1.0,43.0
762,12,2.0,34,а,,,33,NA,43.0
763,12,2.0,35,также,,,34,NA,43.0
764,12,2.0,36,мотоциклы.,528.0,0.19227967953386743,35,3.0,43.0
765,12,3.0,37,обязательны,110.0,0.04543577034283354,36,1.0,44.0
766,12,3.0,38,ли,,,37,NA,44.0
767,12,3.0,39,они,202.0,0.08343659644774887,38,1.0,44.0
768,12,3.0,40,для,102.0,0.042131350681536554,39,1.0,44.0
769,12,3.0,41,других,356.0,0.1470466749277158,40,2.0,44.0
770,12,3.0,42,видов,,,41,NA,44.0
771,12,3.0,43,"транспорта,",,,42,NA,44.0
772,12,3.0,44,"например,",270.0,0.11152416356877323,43,1.0,44.0
773,12,3.0,45,для,52.0,0.0214787277984304,44,1.0,44.0
774,12,3.0,46,"велосипедов,",188.0,0.07765386204047914,45,1.0,44.0
775,12,3.0,47,лодок,144.0,0.05947955390334572,46,1.0,44.0
776,12,3.0,48,и,,,47,NA,44.0
777,12,3.0,49,"тракторов,",706.0,0.2916150351094589,48,3.0,44.0
778,12,3.0,50,зависит,,,49,NA,44.0
779,12,3.0,51,от,,,50,NA,44.0
780,12,3.0,52,местных,,,51,NA,44.0
781,12,3.0,53,законов.,291.0,0.12019826517967781,52,1.0,44.0
782,12,4.0,54,регистрационный,374.0,0.11493546404425323,53,2.0,45.0
783,12,4.0,55,номер,176.0,0.054087277197295634,54,1.0,45.0
784,12,4.0,56,—,66.0,0.020282728948985862,55,1.0,45.0
785,12,4.0,57,это,,,56,NA,45.0
786,12,4.0,58,комбинация,211.0,0.06484326982175784,57,1.0,45.0
787,12,4.0,59,букв,,,58,NA,45.0
788,12,4.0,60,и,,,59,NA,45.0
789,12,4.0,61,"цифр,",,,60,NA,45.0
790,12,4.0,62,которая,315.0,0.09680393362015981,61,2.0,45.0
791,12,4.0,63,позволяет,170.0,0.05224339274738783,62,1.0,45.0
792,12,4.0,64,однозначно,,,63,NA,45.0
793,12,4.0,65,идентифицировать,196.0,0.06023355869698832,64,1.0,45.0
794,12,4.0,66,владельца,87.0,0.026736324523663185,65,1.0,45.0
795,12,4.0,67,транспортного,158.0,0.04855562384757222,66,1.0,45.0
796,12,4.0,68,средства,,,67,NA,45.0
797,12,4.0,69,в,,,68,NA,45.0
798,12,4.0,70,реестре,715.0,0.21972956361401352,69,4.0,45.0
799,12,4.0,71,номеров,78.0,0.023970497848801474,70,1.0,45.0
800,12,4.0,72,соответствующей,,,71,NA,45.0
801,12,4.0,73,административной,328.0,0.10079901659496004,72,2.0,45.0
802,12,4.0,74,единицы.,380.0,0.11677934849416104,73,2.0,45.0
803,12,5.0,75,в,322.0,0.11578568860122258,74,2.0,46.0
804,12,5.0,76,некоторых,123.0,0.04422869471413161,75,1.0,46.0
805,12,5.0,77,странах,38.0,0.013664149586479683,76,1.0,46.0
806,12,5.0,78,номера,183.0,0.06580366774541532,77,1.0,46.0
807,12,5.0,79,регистрируются,352.0,0.12657317511686444,78,2.0,46.0
808,12,5.0,80,в,,,79,NA,46.0
809,12,5.0,81,едином,262.0,0.09421071556993887,80,2.0,46.0
810,12,5.0,82,"реестре,",240.0,0.08629989212513485,81,1.0,46.0
811,12,5.0,83,в,,,82,NA,46.0
812,12,5.0,84,других,192.0,0.06903991370010787,83,1.0,46.0
813,12,5.0,85,реестры,195.0,0.07011866235167206,84,1.0,46.0
814,12,5.0,86,ведутся,58.0,0.020855807263574253,85,1.0,46.0
815,12,5.0,87,в,,,86,NA,46.0
816,12,5.0,88,отдельных,233.0,0.08378281193815175,87,1.0,46.0
817,12,5.0,89,штатах,63.0,0.022653721682847898,88,1.0,46.0
818,12,5.0,90,или,,,89,NA,46.0
819,12,5.0,91,областях.,520.0,0.18698309960445883,90,3.0,46.0
820,12,6.0,92,франция,,,91,NA,47.0
821,12,6.0,93,была,,,92,NA,47.0
822,12,6.0,94,первой,303.0,0.11919748229740362,93,1.0,47.0
823,12,6.0,95,"страной,",221.0,0.08693941778127459,94,1.0,47.0
824,12,6.0,96,в,,,95,NA,47.0
825,12,6.0,97,которой,421.0,0.16561762391817467,96,2.0,47.0
826,12,6.0,98,ввели,272.0,0.10700236034618411,97,2.0,47.0
827,12,6.0,99,регистрационные,239.0,0.0940204563335956,98,2.0,47.0
828,12,6.0,100,"номера,",259.0,0.1018882769472856,99,1.0,47.0
829,12,6.0,101,—,,,100,NA,47.0
830,12,6.0,102,там,,,101,NA,47.0
831,12,6.0,103,это,152.0,0.05979543666404406,102,2.0,47.0
832,12,6.0,104,случилось,158.0,0.06215578284815106,103,1.0,47.0
833,12,6.0,105,в,167.0,0.06569630212431156,104,1.0,47.0
834,12,6.0,106,конце,164.0,0.06451612903225806,105,1.0,47.0
835,12,6.0,107,девятнадцатого,186.0,0.07317073170731707,106,1.0,47.0
836,12,6.0,108,века.,,,107,NA,47.0
837,12,7.0,109,номерные,678.0,0.10758489368454459,108,4.0,48.0
838,12,7.0,110,знаки,286.0,0.04538241827991114,109,2.0,48.0
839,12,7.0,111,в,124.0,0.019676293240241192,110,1.0,48.0
840,12,7.0,112,начале,249.0,0.03951126626467788,111,1.0,48.0
841,12,7.0,113,двадцатого,169.0,0.0268168835290384,112,1.0,48.0
842,12,7.0,114,века,,,113,NA,48.0
843,12,7.0,115,настолько,449.0,0.07124722310377658,114,2.0,48.0
844,12,7.0,116,отличались,536.0,0.08505236432878452,115,3.0,48.0
845,12,7.0,117,размером,246.0,0.0390352269120914,116,1.0,48.0
846,12,7.0,118,и,,,117,NA,48.0
847,12,7.0,119,формой,242.0,0.03840050777530943,118,1.0,48.0
848,12,7.0,120,в,,,119,NA,48.0
849,12,7.0,121,разных,174.0,0.027610282450015868,120,1.0,48.0
850,12,7.0,122,административных,263.0,0.04173278324341479,121,2.0,48.0
851,12,7.0,123,"единицах,",229.0,0.03633767058076801,122,1.0,48.0
852,12,7.0,124,что,151.0,0.02396064741351952,123,1.0,48.0
853,12,7.0,125,"тому,",,,124,NA,48.0
854,12,7.0,126,кто,,,125,NA,48.0
855,12,7.0,127,"переезжал,",326.0,0.05172960964773088,126,2.0,48.0
856,12,7.0,128,приходилось,180.0,0.02856236115518883,127,1.0,48.0
857,12,7.0,129,сверлить,203.0,0.03221199619168518,128,1.0,48.0
858,12,7.0,130,в,,,129,NA,48.0
859,12,7.0,131,автомобиле,246.0,0.0390352269120914,130,2.0,48.0
860,12,7.0,132,новые,310.0,0.049190733100602985,131,2.0,48.0
861,12,7.0,133,"отверстия,",194.0,0.03078387813392574,132,1.0,48.0
862,12,7.0,134,чтобы,180.0,0.02856236115518883,133,1.0,48.0
863,12,7.0,135,прикрепить,213.0,0.03379879403364011,134,1.0,48.0
864,12,7.0,136,новый,107.0,0.016978736908917803,135,1.0,48.0
865,12,7.0,137,знак.,547.0,0.08679784195493494,136,3.0,48.0
866,12,8.0,138,стандартизация,808.0,0.16836841008543446,137,3.0,49.0
867,12,8.0,139,знаков,514.0,0.1071056470097937,138,1.0,49.0
868,12,8.0,140,была,278.0,0.057928735153156906,139,2.0,49.0
869,12,8.0,141,введена,217.0,0.045217753698687226,140,2.0,49.0
870,12,8.0,142,в,,,141,NA,49.0
871,12,8.0,143,конце,281.0,0.05855386538862263,142,1.0,49.0
872,12,8.0,144,пятидесятых,222.0,0.04625963742446343,143,1.0,49.0
873,12,8.0,145,"годов,",93.0,0.019379037299437383,144,1.0,49.0
874,12,8.0,146,когда,,,145,NA,49.0
875,12,8.0,147,производители,228.0,0.04750989789539487,146,2.0,49.0
876,12,8.0,148,автомобилей,320.0,0.06668055844967702,147,2.0,49.0
877,12,8.0,149,пришли,210.0,0.043759116482600544,148,1.0,49.0
878,12,8.0,150,к,,,149,NA,49.0
879,12,8.0,151,соглашению,195.0,0.04063346530527193,150,1.0,49.0
880,12,8.0,152,с,,,151,NA,49.0
881,12,8.0,153,правительствами,741.0,0.15440716816003333,152,3.0,49.0
882,12,8.0,154,и,,,153,NA,49.0
883,12,8.0,155,международными,692.0,0.14419670764742654,154,3.0,49.0
884,12,8.0,156,организациями.,,,155,NA,49.0
